48.5483870967742
48.5483870967742
48.5483870967742
48.5483870967742
48.5483870967742
48.5483870967742
48.5483870967742
48.5483870967742
48.5483870967742
48.5483870967742
48.5483870967742
48.5483870967742
48.5483870967742
48.5483870967742
48.5483870967742
48.5483870967742
48.5483870967742
48.5483870967742
48.5483870967742
48.5483870967742
48.5483870967742
48.5483870967742
48.5483870967742
48.5483870967742
48.5483870967742
48.5483870967742
48.5483870967742
48.5483870967742
48.5483870967742
48.5483870967742
48.5483870967742
11.1785714285714
11.1785714285714
11.1785714285714
11.1785714285714
11.1785714285714
11.1785714285714
11.1785714285714
11.1785714285714
11.1785714285714
11.1785714285714
11.1785714285714
11.1785714285714
11.1785714285714
11.1785714285714
11.1785714285714
11.1785714285714
11.1785714285714
11.1785714285714
11.1785714285714
11.1785714285714
11.1785714285714
11.1785714285714
11.1785714285714
11.1785714285714
11.1785714285714
11.1785714285714
11.1785714285714
11.1785714285714
26.0967741935484
26.0967741935484
26.0967741935484
26.0967741935484
26.0967741935484
26.0967741935484
26.0967741935484
26.0967741935484
26.0967741935484
26.0967741935484
26.0967741935484
26.0967741935484
26.0967741935484
26.0967741935484
26.0967741935484
26.0967741935484
26.0967741935484
26.0967741935484
26.0967741935484
26.0967741935484
26.0967741935484
26.0967741935484
26.0967741935484
26.0967741935484
26.0967741935484
26.0967741935484
26.0967741935484
26.0967741935484
26.0967741935484
26.0967741935484
26.0967741935484
19.3
19.3
19.3
19.3
19.3
19.3
19.3
19.3
19.3
19.3
19.3
19.3
19.3
19.3
19.3
19.3
19.3
19.3
19.3
19.3
19.3
19.3
19.3
19.3
19.3
19.3
19.3
19.3
19.3
19.3
9.19354838709677
9.19354838709677
9.19354838709677
9.19354838709677
9.19354838709677
9.19354838709677
9.19354838709677
9.19354838709677
9.19354838709677
9.19354838709677
9.19354838709677
9.19354838709677
9.19354838709677
9.19354838709677
9.19354838709677
9.19354838709677
9.19354838709677
9.19354838709677
9.19354838709677
9.19354838709677
9.19354838709677
9.19354838709677
9.19354838709677
9.19354838709677
9.19354838709677
9.19354838709677
9.19354838709677
9.19354838709677
9.19354838709677
9.19354838709677
9.19354838709677
7.36666666666667
7.36666666666667
7.36666666666667
7.36666666666667
7.36666666666667
7.36666666666667
7.36666666666667
7.36666666666667
7.36666666666667
7.36666666666667
7.36666666666667
7.36666666666667
7.36666666666667
7.36666666666667
7.36666666666667
7.36666666666667
7.36666666666667
7.36666666666667
7.36666666666667
7.36666666666667
7.36666666666667
7.36666666666667
7.36666666666667
7.36666666666667
7.36666666666667
7.36666666666667
7.36666666666667
7.36666666666667
7.36666666666667
7.36666666666667
31.3870967741935
31.3870967741935
31.3870967741935
31.3870967741935
31.3870967741935
31.3870967741935
31.3870967741935
31.3870967741935
31.3870967741935
31.3870967741935
31.3870967741935
31.3870967741935
31.3870967741935
31.3870967741935
31.3870967741935
31.3870967741935
31.3870967741935
31.3870967741935
31.3870967741935
31.3870967741935
31.3870967741935
31.3870967741935
31.3870967741935
31.3870967741935
31.3870967741935
31.3870967741935
31.3870967741935
31.3870967741935
31.3870967741935
31.3870967741935
31.3870967741935
83.4516129032258
83.4516129032258
83.4516129032258
83.4516129032258
83.4516129032258
83.4516129032258
83.4516129032258
83.4516129032258
83.4516129032258
83.4516129032258
83.4516129032258
83.4516129032258
83.4516129032258
83.4516129032258
83.4516129032258
83.4516129032258
83.4516129032258
83.4516129032258
83.4516129032258
83.4516129032258
83.4516129032258
83.4516129032258
83.4516129032258
83.4516129032258
83.4516129032258
83.4516129032258
83.4516129032258
83.4516129032258
83.4516129032258
83.4516129032258
83.4516129032258
