1.06037527316126
0.65802115972036
0.606207695141142
0.803446240867142
0.485934153749431
0.80084588617984
0.448636705341314
0.253286915339574
0.390795316105715
0.454957544303529
0.542961953117699
0.630420449199049
0.496964748672903
0.609050405616839
0.608076202595253
0.277984634134621
0.395755634079139
0.558917470584993
0.688332739305476
0.822250872701504
0.789432232151057
0.790566822576939
0.77171693497715
0.690969600953894
0.545866198845998
0.4226475629279
0.407135768443837
0.816137614624537
0.922859829228461
0.350807058766695
0.723078652678582
0.514534697460041
0.486980379741513
0.153742791223851
0.213455780485686
0.815472486753001
0.528276178391376
0.254139522884176
0.718282366014542
0.197850093071032
0.11557857286419
0.519579751667516
0.476424214306746
0.336691619198759
0.471524377377465
0.335330011756845
0.643445608201719
0.456342485154043
0.6746385690862
0.306288821503482
0.579648620247222
0.298654079348415
0.450860781022651
0.749347352847952
0.548897219771399
0.93279100875082
0.695415032973648
0.385930856068254
0.401978786291548
0.845677182660081
0.249803448112318
0.708776317148174
0.481653289037278
0.995019095772659
0.381099712497074
0.345262807298818
0.256954726946472
0.377384419058442
0.913293975050944
0.490954988496444
0.626236893390337
0.357323556924464
0.548234857739845
0.332109993338001
0.441406963666942
0.629073464777499
0.751246141408165
0.344571518355914
0.453458615536067
0.676580213134564
0.617879994606217
1.04962382719366
0.944494821594878
0.333838403906524
0.495993267227695
0.271478950835394
0.478866290862114
0.570065104445834
0.546862064408505
1.08476519669918
0.508425743648451
0.784466505991621
0.930668565719095
0.82801889038915
0.880695102945654
0.817037025067646
0.665802956047876
0.605496960448601
0.616197798604341
0.914720426531484
0.715480131805706
0.988246474820057
0.755363791422685
0.537652927304573
0.765433858006619
0.772526400886197
0.805243528651463
0.829890767293291
0.738639366379661
0.924662493721102
0.900023071967335
0.973625995265295
0.874239852765885
0.513204625337995
0.910391512337308
1.10851108737258
1.00592931224309
0.947044074437532
0.848309665653241
0.711107087299138
0.847457945128998
0.658352629075017
0.796318393564312
0.746582537292947
0.627776628945801
0.74403791908725
0.775805975055224
0.877904415967015
0.872568423906676
0.977874539128498
0.917393800060436
1.20340940251615
0.200354252451131
0.314429569025484
0.50526642623637
0.408372463771307
0.838242801968535
0.801204961424637
0.722704527900606
0.766872998187064
0.64689351176701
0.726533452561893
0.504922475069448
0.973890760177049
0.779838754317497
0.577383352458177
0.813513770365139
0.783898840188025
0.771920340905492
0.654053211373614
1.08151766784057
0.639826920655248
0.736118744360682
0.327683233177805
0.634562544669301
0.570158819445074
0.848637037823558
0.754802293435927
0.290835911373701
0.373625806040891
1.03716584539427
0.422045129411317
0.128054832821211
0.549631825296245
0.436596170955396
0.625679459086037
0.869312677721628
0.752994438747786
0.709088566297835
0.797227203768265
0.548219347526574
0.881685666535181
1.13540838966679
0.75885043625064
0.860374843715634
0.424746482088038
0.637133976813134
0.394170517223557
0.635632140624227
0.683700588640658
0.669416024892703
0.240237284592535
0.242048591764351
0.476818398843225
0.763040254936469
0.592578499979152
0.220002696288159
0.42553846030408
0.633009705330717
0.635630370290835
0.652554817469325
0.530014449776612
0.570046954808892
0.311072737671856
0.56505815724578
0.307674109275245
0.629730535921376
0.68737856998324
0.411447172325335
0.240029705597775
0.370829915771955
0.692729422298549
0.15967750646461
0.275008906647893
0.685948389354294
0.482721230927589
0.295141470517062
0.451328465135112
0.486695505617603
0.323305306306865
0.625658320253785
0.0972288557986963
0.155075597702486
0.526673537697669
0.839984321190478
0.647593932539394
0.624900041643797
0.0717050180506562
0.683300614664651
0.327006497533183
0.376421328666252
0.470833468034458
0.606245207779995
0.584943060914842
0.637890266892611
0.845899265246098
0.541814812878727
0.864892179232993
0.509914411642121
1.04831221093735
0.704781780721356
0.577782141217167
0.416345469501942
0.664816148975682
0.265127321468143
0.639683056972952
0.883780604516721
0.516423993533097
0.671673152529782
1.00111705666759
0.420895769001555
0.391126291856231
0.924112471482687
0.254221564144325
0.353028923561838
0.0588284804250073
0.573456995580128
0.886097735351073
0.843684164362221
0.641276872441696
0.280195956698954
0.553093498879669
0.948508257161688
0.764986403488026
0.725969235522486
0.516391554746917
0.720959278772979
1.0783440426539
0.60232338076373
0.247002823731142
0.668465731368903
0.669066952286361
0.30942454431262
0.994757973812452
0.479523452197167
0.594491473066102
0.518836362321752
0.422650958034963
0.387372611748498
0.322112811429974
0.300529805300068
0.585195950889248
0.240826250161589
0.248634374478422
0.576001728171752
0.411081099566543
0.0656997805395825
0.601408600635306
0.806716057142449
0.785208445091202
0.544721522768213
0.35364885745329
0.131267430850768
0.804305658344107
0.638015516687773
0.880539560336137
0.115633781314661
0.619941788032463
0.7100233620835
0.25353722189724
0.480850607066234
0.529459947545241
0.774567506168047
0.621722579737772
0.54190911440717
0.396280600224828
1.19792726691139
0.668281376140795
0.617903260837128
0.595968104836436
0.470998896757145
0.691123534739861
0.57466269796951
0.781938726547785
0.744332106657667
0.696093561827244
0.524568069065002
0.662870999945122
0.648089983830654
0.319038297284935
0.378737945639734
0.433098650142898
0.659074870469804
0.359957230206389
0.536692616780642
0.0679333678830561
0.34992515457446
0.852531896606025
0.369027867294011
0.31078774642251
0.601907407139172
0.480584712046874
0.668432908739005
0.62913628128263
0.361173071285503
0.723136076309183
0.519695181694094
0.957464860852737
0.509767239207831
0.713733586237867
0.24183480483481
0.427913109581336
0.526548909945651
0.637030126805413
0.4083647590672
0.711732142955397
0.620370863308636
0.373754506164918
0.343001742282535
0.487170475423983
0.442248417157906
0.506840923362313
0.47380924774747
0.576772730701968
0.540743727517691
0.926665018250252
0.592216979956644
0.674574077295941
0.522187925206909
0.47701747508228
0.51964605428803
0.555127989641406
0.47984812658857
0.810172976033303
0.572506126980685
0.376656450846051
