1
1.00225179647895
1.00438136867932
1.00636947857711
1.00819688814836
1.00984435936907
1.01129265421526
1.01264048116519
1.01399424490264
1.0153462517119
1.01668880787727
1.01801421968304
1.01931479341351
1.02058283535298
1.02181065178574
1.02299054899609
1.02411483326833
1.02517581088674
1.02616578813563
1.02707707129929
1.02790196666201
1.0286327805081
1.02926181912185
1.02978138878756
1.03018379578952
1.03050345535998
1.03077843563037
1.03100652223371
1.03118550080304
1.03131315697139
1.03138727637179
1.03140564463726
1.03136604740086
1.03126627029559
1.0311040989545
1.03087731901062
1.03058371609698
1.03022107584661
1.02978718389255
1.02927982586782
1.02869678740545
1.02803585413849
1.02724835798738
1.02629587139283
1.02519154076819
1.02394851252682
1.02257993308208
1.02109894884733
1.01951870623593
1.01785235166123
1.01611303153661
1.0143138922754
1.01246808029099
1.01058874199672
1.00868902380595
1.00678207213205
1.00488103338838
1.00299905398828
1.00114928034513
0.999344858872282
0.997484545074111
0.995467592600792
0.993307895084382
0.991019346156937
0.988615839450511
0.986111268597163
0.983519527228946
0.980854508977919
0.978130107476135
0.975360216355653
0.972558729248527
0.969739539786814
0.966916541602569
0.964103628327848
0.961314693594708
0.958563631035205
0.955864334281395
0.953230696965334
0.950633095693093
0.948030136756988
0.945418058318439
0.942793098538864
0.940151495579681
0.937489487602311
0.934803312768171
0.932089209238682
0.929343415175263
0.92656216873933
0.923741708092306
0.920878271395607
0.917968096810655
0.915007422498866
0.91199248662166
0.908919527340458
0.905784782816677
0.902584491211735
0.899286904948672
0.895870758054967
0.892348011098699
0.88873062464795
0.885030559270799
0.881259775535327
0.877430234009614
0.873553895261741
0.86964271985979
0.865708668371837
0.861763701365967
0.857819779410259
0.853888863072793
0.849982912921649
0.846113889524908
0.842293753450651
0.838534465266958
0.834708364166068
0.830694514356853
0.826514963932351
0.822191760985597
0.817746953609623
0.813202589897465
0.808580717942158
0.803903385836738
0.799192641674238
0.794470533547694
0.78975910955014
0.785080417774612
0.780456506314145
0.775909423261772
0.771461216710528
0.76713393475345
0.762949625483571
0.758930336993927
0.754941180168205
0.75084291139014
0.746651047002836
0.742381103349392
0.738048596772912
0.733669043616499
0.729257960223255
0.724830862936281
0.720403268098681
0.715990692053557
0.711608651144012
0.707272661713147
0.702998240104064
0.698800902659867
0.694696165723659
0.69069954563854
0.686826558747614
0.682938042489636
0.678899483358928
0.674733371281935
0.670462196185103
0.666108447994878
0.661694616637706
0.657243192040033
0.652776664128306
0.64831752282897
0.643888258068472
0.639511359773257
0.635209317869772
0.631004622284463
0.626919762943776
0.622977229774157
0.619199512702051
0.615609101653907
0.612228486556168
0.608877921255471
0.605381063998113
0.601765511310036
0.598058859717179
0.594288705745484
0.590482645920891
0.586668276769341
0.582873194816775
0.579124996589134
0.575451278612357
0.571879637412385
0.56843766951516
0.565152971446623
0.562053139732712
0.559165770899371
0.556518461472537
0.554138807978154
0.551896729352108
0.54965071016793
0.547411195408031
0.545188630054817
0.542993459090698
0.540836127498081
0.538727080259375
0.536676762356989
0.53469561877333
0.532794094490809
0.530982634491833
0.529271683758808
0.527671687274146
0.526193090020253
0.524846336979539
0.523641873134412
0.52259014346728
0.521701592960551
0.520910814603275
0.520150018996558
0.519426077540893
0.518745861636773
0.518116242684691
0.517544092085141
0.517036281238617
0.51659968154561
0.516241164406615
0.515967601222125
0.515785863392633
0.515702822318632
0.515725349400617
0.515860316039079
0.516114593634512
0.516495053587411
0.517008567298267
0.517662006167574
0.518473216880329
0.519448959234388
0.52057947429953
0.521855003145537
0.52326578684219
0.524802066459268
0.526454083066553
0.528212077733824
0.530066291530864
0.532006965527451
0.534024340793368
0.536108658398394
0.538250159412311
0.540439084904898
0.542665675945937
0.544920173605208
0.547192818952491
0.549473853057569
0.551932326729049
0.554720203664458
0.557802094266949
0.561142608939676
0.564706358085791
0.56845795210845
