beta	R0
0.117973883939861	0.5
0.118095464474239	0.5
0.118260709525666	0.5
0.118669951779986	0.5
0.118814035324513	0.5
0.119733886681556	0.5
0.120054993067494	0.5
0.120478044900485	0.5
0.120966761843205	0.5
0.121133664029567	0.5
0.121150509701768	0.51
0.121272090236146	0.51
0.121437335287573	0.51
0.121846577541893	0.51
0.12199066108642	0.51
0.122910512443463	0.51
0.123231618829401	0.51
0.123654670662391	0.51
0.124143387605112	0.51
0.124310289791474	0.51
0.124327135463675	0.52
0.124448715998053	0.52
0.12461396104948	0.52
0.1250232033038	0.52
0.125167286848327	0.52
0.12608713820537	0.52
0.126408244591308	0.52
0.126831296424298	0.52
0.127320013367019	0.52
0.127486915553381	0.52
0.127503761225582	0.53
0.12762534175996	0.53
0.127790586811387	0.53
0.128199829065707	0.53
0.128343912610234	0.53
0.129263763967277	0.53
0.129584870353215	0.53
0.130007922186205	0.53
0.130496639128926	0.53
0.130663541315288	0.53
0.130680386987489	0.54
0.130801967521867	0.54
0.130967212573294	0.54
0.131376454827614	0.54
0.131520538372141	0.54
0.132440389729184	0.54
0.132761496115122	0.54
0.133184547948112	0.54
0.133673264890832	0.54
0.133840167077195	0.54
0.133857012749396	0.55
0.133978593283774	0.55
0.134143838335201	0.55
0.134553080589521	0.55
0.134697164134048	0.55
0.135617015491091	0.55
0.135938121877028	0.55
0.136361173710019	0.55
0.136849890652739	0.55
0.137016792839102	0.55
0.137033638511303	0.56
0.13715521904568	0.56
0.137320464097108	0.56
0.137729706351428	0.56
0.137873789895955	0.56
0.138793641252998	0.56
0.139114747638935	0.56
0.139537799471926	0.56
0.140026516414646	0.56
0.140193418601009	0.56
0.14021026427321	0.57
0.140331844807587	0.57
0.140497089859015	0.57
0.140906332113335	0.57
0.141050415657862	0.57
0.141970267014905	0.57
0.142291373400842	0.57
0.142714425233833	0.57
0.143203142176553	0.57
0.143370044362916	0.57
0.143386890035117	0.58
0.143508470569494	0.58
0.143673715620922	0.58
0.144082957875242	0.58
0.144227041419768	0.58
0.145146892776812	0.58
0.145467999162749	0.58
0.14589105099574	0.58
0.14637976793846	0.58
0.146546670124823	0.58
0.146563515797023	0.59
0.146685096331401	0.59
0.146850341382829	0.59
0.147259583637149	0.59
0.147403667181675	0.59
0.148323518538719	0.59
0.148644624924656	0.59
0.149067676757647	0.59
0.149556393700367	0.59
0.14972329588673	0.59
0.14974014155893	0.6
0.149861722093308	0.6
0.150026967144736	0.6
0.150436209399055	0.6
0.150580292943582	0.6
0.151500144300626	0.6
0.151821250686563	0.6
0.152244302519554	0.6
0.152733019462274	0.6
0.152899921648637	0.6
0.152916767320837	0.61
0.153038347855215	0.61
0.153203592906643	0.61
0.153612835160962	0.61
0.153756918705489	0.61
0.154676770062533	0.61
0.15499787644847	0.61
0.155420928281461	0.61
0.155909645224181	0.61
0.156076547410544	0.61
0.156093393082744	0.62
0.156214973617122	0.62
0.15638021866855	0.62
0.156789460922869	0.62
0.156933544467396	0.62
0.15785339582444	0.62
0.158174502210377	0.62
0.158597554043368	0.62
0.159086270986088	0.62
0.159253173172451	0.62
0.159270018844651	0.63
0.159391599379029	0.63
0.159556844430457	0.63
0.159966086684776	0.63
0.160110170229303	0.63
0.161030021586347	0.63
0.161351127972284	0.63
0.161774179805275	0.63
0.162262896747995	0.63
0.162429798934358	0.63
0.162446644606558	0.64
0.162568225140936	0.64
0.162733470192364	0.64
0.163142712446683	0.64
0.16328679599121	0.64
0.164206647348254	0.64
0.164527753734191	0.64
0.164950805567182	0.64
0.165439522509902	0.64
0.165606424696265	0.64
0.165623270368465	0.65
0.165744850902843	0.65
0.165910095954271	0.65
0.16631933820859	0.65
0.166463421753117	0.65
0.167383273110161	0.65
0.167704379496098	0.65
0.168127431329089	0.65
0.168616148271809	0.65
0.168783050458172	0.65
0.168799896130372	0.66
0.16892147666475	0.66
0.169086721716178	0.66
0.169495963970497	0.66
0.169640047515024	0.66
0.170559898872067	0.66
0.170881005258005	0.66
0.171304057090996	0.66
0.171792774033716	0.66
0.171959676220079	0.66
0.171976521892279	0.67
0.172098102426657	0.67
0.172263347478085	0.67
0.172672589732404	0.67
0.172816673276931	0.67
0.173736524633974	0.67
0.174057631019912	0.67
0.174480682852903	0.67
0.174969399795623	0.67
0.175136301981986	0.67
0.175153147654186	0.68
0.175274728188564	0.68
0.175439973239992	0.68
0.175849215494311	0.68
0.175993299038838	0.68
0.176913150395881	0.68
0.177234256781819	0.68
0.17765730861481	0.68
0.17814602555753	0.68
0.178312927743892	0.68
0.178329773416093	0.69
0.178451353950471	0.69
0.178616599001899	0.69
0.179025841256218	0.69
0.179169924800745	0.69
0.180089776157788	0.69
0.180410882543726	0.69
0.180833934376717	0.69
0.181322651319437	0.69
0.181489553505799	0.69
0.181506399178	0.7
0.181627979712378	0.7
0.181793224763806	0.7
0.182202467018125	0.7
0.182346550562652	0.7
0.183266401919695	0.7
0.183587508305633	0.7
0.184010560138624	0.7
0.184499277081344	0.7
0.184666179267706	0.7
0.184683024939907	0.71
0.184804605474285	0.71
0.184969850525712	0.71
0.185379092780032	0.71
0.185523176324559	0.71
0.186443027681602	0.71
0.18676413406754	0.71
0.187187185900531	0.71
0.187675902843251	0.71
0.187842805029613	0.71
0.187859650701814	0.72
0.187981231236192	0.72
0.188146476287619	0.72
0.188555718541939	0.72
0.188699802086466	0.72
0.189619653443509	0.72
0.189940759829447	0.72
0.190363811662438	0.72
0.190852528605158	0.72
0.19101943079152	0.72
0.191036276463721	0.73
0.191157856998099	0.73
0.191323102049526	0.73
0.191732344303846	0.73
0.191876427848373	0.73
0.192796279205416	0.73
0.193117385591354	0.73
0.193540437424344	0.73
0.194029154367065	0.73
0.194196056553427	0.73
0.194212902225628	0.74
0.194334482760006	0.74
0.194499727811433	0.74
0.194908970065753	0.74
0.19505305361028	0.74
0.195972904967323	0.74
0.196294011353261	0.74
0.196717063186251	0.74
0.197205780128972	0.74
0.197372682315334	0.74
0.197389527987535	0.75
0.197511108521913	0.75
0.19767635357334	0.75
0.19808559582766	0.75
0.198229679372187	0.75
0.19914953072923	0.75
0.199470637115168	0.75
0.199893688948158	0.75
0.200382405890879	0.75
0.200549308077241	0.75
0.200566153749442	0.76
0.20068773428382	0.76
0.200852979335247	0.76
0.201262221589567	0.76
0.201406305134094	0.76
0.202326156491137	0.76
0.202647262877074	0.76
0.203070314710065	0.76
0.203559031652785	0.76
0.203725933839148	0.76
0.203742779511349	0.77
0.203864360045727	0.77
0.204029605097154	0.77
0.204438847351474	0.77
0.204582930896001	0.77
0.205502782253044	0.77
0.205823888638981	0.77
0.206246940471972	0.77
0.206735657414692	0.77
0.206902559601055	0.77
0.206919405273256	0.78
0.207040985807633	0.78
0.207206230859061	0.78
0.207615473113381	0.78
0.207759556657908	0.78
0.208679408014951	0.78
0.209000514400888	0.78
0.209423566233879	0.78
0.209912283176599	0.78
0.210079185362962	0.78
0.210096031035163	0.79
0.21021761156954	0.79
0.210382856620968	0.79
0.210792098875288	0.79
0.210936182419814	0.79
0.211856033776858	0.79
0.212177140162795	0.79
0.212600191995786	0.79
0.213088908938506	0.79
0.213255811124869	0.79
0.21327265679707	0.8
0.213394237331447	0.8
0.213559482382875	0.8
0.213968724637195	0.8
0.214112808181721	0.8
0.215032659538765	0.8
0.215353765924702	0.8
0.215776817757693	0.8
0.216265534700413	0.8
0.216432436886776	0.8
0.216449282558976	0.81
0.216570863093354	0.81
0.216736108144782	0.81
0.217145350399102	0.81
0.217289433943628	0.81
0.218209285300672	0.81
0.218530391686609	0.81
0.2189534435196	0.81
0.21944216046232	0.81
0.219609062648683	0.81
0.219625908320883	0.82
0.219747488855261	0.82
0.219912733906689	0.82
0.220321976161009	0.82
0.220466059705535	0.82
0.221385911062579	0.82
0.221707017448516	0.82
0.222130069281507	0.82
0.222618786224227	0.82
0.22278568841059	0.82
0.22280253408279	0.83
0.222924114617168	0.83
0.223089359668596	0.83
0.223498601922915	0.83
0.223642685467442	0.83
0.224562536824486	0.83
0.224883643210423	0.83
0.225306695043414	0.83
0.225795411986134	0.83
0.225962314172497	0.83
0.225979159844697	0.84
0.226100740379075	0.84
0.226265985430503	0.84
0.226675227684822	0.84
0.226819311229349	0.84
0.227739162586393	0.84
0.22806026897233	0.84
0.228483320805321	0.84
0.228972037748041	0.84
0.229138939934404	0.84
0.229155785606604	0.85
0.229277366140982	0.85
0.22944261119241	0.85
0.229851853446729	0.85
0.229995936991256	0.85
0.2309157883483	0.85
0.231236894734237	0.85
0.231659946567228	0.85
0.232148663509948	0.85
0.232315565696311	0.85
0.232332411368511	0.86
0.232453991902889	0.86
0.232619236954317	0.86
0.233028479208636	0.86
0.233172562753163	0.86
0.234092414110207	0.86
0.234413520496144	0.86
0.234836572329135	0.86
0.235325289271855	0.86
0.235492191458218	0.86
0.235509037130418	0.87
0.235630617664796	0.87
0.235795862716224	0.87
0.236205104970543	0.87
0.23634918851507	0.87
0.237269039872114	0.87
0.237590146258051	0.87
0.238013198091042	0.87
0.238501915033762	0.87
0.238668817220125	0.87
0.238685662892325	0.88
0.238807243426703	0.88
0.238972488478131	0.88
0.23938173073245	0.88
0.239525814276977	0.88
0.24044566563402	0.88
0.240766772019958	0.88
0.241189823852949	0.88
0.241678540795669	0.88
0.241845442982032	0.88
0.241862288654232	0.89
0.24198386918861	0.89
0.242149114240038	0.89
0.242558356494357	0.89
0.242702440038884	0.89
0.243622291395927	0.89
0.243943397781865	0.89
0.244366449614856	0.89
0.244855166557576	0.89
0.245022068743939	0.89
0.245038914416139	0.9
0.245160494950517	0.9
0.245325740001945	0.9
0.245734982256264	0.9
0.245879065800791	0.9
0.246798917157834	0.9
0.247120023543772	0.9
0.247543075376763	0.9
0.248031792319483	0.9
0.248198694505845	0.9
0.248215540178046	0.91
0.248337120712424	0.91
0.248502365763852	0.91
0.248911608018171	0.91
0.249055691562698	0.91
0.249975542919741	0.91
0.250296649305679	0.91
0.25071970113867	0.91
0.25120841808139	0.91
0.251375320267752	0.91
0.251392165939953	0.92
0.251513746474331	0.92
0.251678991525759	0.92
0.252088233780078	0.92
0.252232317324605	0.92
0.253152168681648	0.92
0.253473275067586	0.92
0.253896326900577	0.92
0.254385043843297	0.92
0.254551946029659	0.92
0.25456879170186	0.93
0.254690372236238	0.93
0.254855617287665	0.93
0.255264859541985	0.93
0.255408943086512	0.93
0.256328794443555	0.93
0.256649900829493	0.93
0.257072952662484	0.93
0.257561669605204	0.93
0.257728571791566	0.93
0.257745417463767	0.94
0.257866997998145	0.94
0.258032243049572	0.94
0.258441485303892	0.94
0.258585568848419	0.94
0.259505420205462	0.94
0.2598265265914	0.94
0.260249578424391	0.94
0.260738295367111	0.94
0.260905197553473	0.94
0.260922043225674	0.95
0.261043623760052	0.95
0.261208868811479	0.95
0.261618111065799	0.95
0.261762194610326	0.95
0.262682045967369	0.95
0.263003152353307	0.95
0.263426204186297	0.95
0.263914921129018	0.95
0.26408182331538	0.95
0.264098668987581	0.96
0.264220249521959	0.96
0.264385494573386	0.96
0.264794736827706	0.96
0.264938820372233	0.96
0.265858671729276	0.96
0.266179778115214	0.96
0.266602829948204	0.96
0.267091546890925	0.96
0.267258449077287	0.96
0.267275294749488	0.97
0.267396875283866	0.97
0.267562120335293	0.97
0.267971362589613	0.97
0.26811544613414	0.97
0.269035297491183	0.97
0.269356403877121	0.97
0.269779455710111	0.97
0.270268172652832	0.97
0.270435074839194	0.97
0.270451920511395	0.98
0.270573501045773	0.98
0.2707387460972	0.98
0.27114798835152	0.98
0.271292071896047	0.98
0.27221192325309	0.98
0.272533029639027	0.98
0.272956081472018	0.98
0.273444798414738	0.98
0.273611700601101	0.98
0.273628546273302	0.99
0.27375012680768	0.99
0.273915371859107	0.99
0.274324614113427	0.99
0.274468697657954	0.99
0.275388549014997	0.99
0.275709655400934	0.99
0.276132707233925	0.99
0.276621424176645	0.99
0.276788326363008	0.99
0.276805172035209	1
0.276926752569586	1
0.277091997621014	1
0.277501239875334	1
0.277645323419861	1
0.278565174776904	1
0.278886281162841	1
0.279309332995832	1
0.279798049938552	1
0.279964952124915	1
0.279981797797116	1.01
0.280103378331493	1.01
0.280268623382921	1.01
0.280677865637241	1.01
0.280821949181768	1.01
0.281741800538811	1.01
0.282062906924748	1.01
0.282485958757739	1.01
0.282974675700459	1.01
0.283141577886822	1.01
0.283158423559023	1.02
0.2832800040934	1.02
0.283445249144828	1.02
0.283854491399148	1.02
0.283998574943674	1.02
0.284918426300718	1.02
0.285239532686655	1.02
0.285662584519646	1.02
0.286151301462366	1.02
0.286318203648729	1.02
0.28633504932093	1.03
0.286456629855307	1.03
0.286621874906735	1.03
0.287031117161055	1.03
0.287175200705581	1.03
0.288095052062625	1.03
0.288416158448562	1.03
0.288839210281553	1.03
0.289327927224273	1.03
0.289494829410636	1.03
0.289511675082836	1.04
0.289633255617214	1.04
0.289798500668642	1.04
0.290207742922961	1.04
0.290351826467488	1.04
0.291271677824532	1.04
0.291592784210469	1.04
0.29201583604346	1.04
0.29250455298618	1.04
0.292671455172543	1.04
0.292688300844743	1.05
0.292809881379121	1.05
0.292975126430549	1.05
0.293384368684868	1.05
0.293528452229395	1.05
0.294448303586439	1.05
0.294769409972376	1.05
0.295192461805367	1.05
0.295681178748087	1.05
0.29584808093445	1.05
0.29586492660665	1.06
0.295986507141028	1.06
0.296151752192456	1.06
0.296560994446775	1.06
0.296705077991302	1.06
0.297624929348346	1.06
0.297946035734283	1.06
0.298369087567274	1.06
0.298857804509994	1.06
0.299024706696357	1.06
0.299041552368557	1.07
0.299163132902935	1.07
0.299328377954363	1.07
0.299737620208682	1.07
0.299881703753209	1.07
0.300801555110253	1.07
0.30112266149619	1.07
0.301545713329181	1.07
0.302034430271901	1.07
0.302201332458264	1.07
0.302218178130464	1.08
0.302339758664842	1.08
0.30250500371627	1.08
0.302914245970589	1.08
0.303058329515116	1.08
0.30397818087216	1.08
0.304299287258097	1.08
0.304722339091088	1.08
0.305211056033808	1.08
0.305377958220171	1.08
0.305394803892371	1.09
0.305516384426749	1.09
0.305681629478177	1.09
0.306090871732496	1.09
0.306234955277023	1.09
0.307154806634066	1.09
0.307475913020004	1.09
0.307898964852995	1.09
0.308387681795715	1.09
0.308554583982078	1.09
0.308571429654278	1.1
0.308693010188656	1.1
0.308858255240084	1.1
0.309267497494403	1.1
0.30941158103893	1.1
0.310331432395973	1.1
0.310652538781911	1.1
0.311075590614902	1.1
0.311564307557622	1.1
0.311731209743985	1.1
0.311748055416185	1.11
0.311869635950563	1.11
0.312034881001991	1.11
0.31244412325631	1.11
0.312588206800837	1.11
0.31350805815788	1.11
0.313829164543818	1.11
0.314252216376809	1.11
0.314740933319529	1.11
0.314907835505892	1.11
0.314924681178092	1.12
0.31504626171247	1.12
0.315211506763898	1.12
0.315620749018217	1.12
0.315764832562744	1.12
0.316684683919787	1.12
0.317005790305725	1.12
0.317428842138716	1.12
0.317917559081436	1.12
0.318084461267799	1.12
0.318101306939999	1.13
0.318222887474377	1.13
0.318388132525805	1.13
0.318797374780124	1.13
0.318941458324651	1.13
0.319861309681694	1.13
0.320182416067632	1.13
0.320605467900623	1.13
0.321094184843343	1.13
0.321261087029705	1.13
0.321277932701906	1.14
0.321399513236284	1.14
0.321564758287712	1.14
0.321974000542031	1.14
0.322118084086558	1.14
0.323037935443601	1.14
0.323359041829539	1.14
0.32378209366253	1.14
0.32427081060525	1.14
0.324437712791612	1.14
0.324454558463813	1.15
0.324576138998191	1.15
0.324741384049618	1.15
0.325150626303938	1.15
0.325294709848465	1.15
0.326214561205508	1.15
0.326535667591446	1.15
0.326958719424437	1.15
0.327447436367157	1.15
0.327614338553519	1.15
0.32763118422572	1.16
0.327752764760098	1.16
0.327918009811525	1.16
0.328327252065845	1.16
0.328471335610372	1.16
0.329391186967415	1.16
0.329712293353353	1.16
0.330135345186344	1.16
0.330624062129064	1.16
0.330790964315426	1.16
0.330807809987627	1.17
0.330929390522005	1.17
0.331094635573432	1.17
0.331503877827752	1.17
0.331647961372279	1.17
0.332567812729322	1.17
0.33288891911526	1.17
0.33331197094825	1.17
0.333800687890971	1.17
0.333967590077333	1.17
0.333984435749534	1.18
0.334106016283912	1.18
0.334271261335339	1.18
0.334680503589659	1.18
0.334824587134186	1.18
0.335744438491229	1.18
0.336065544877167	1.18
0.336488596710158	1.18
0.336977313652878	1.18
0.33714421583924	1.18
0.337161061511441	1.19
0.337282642045819	1.19
0.337447887097246	1.19
0.337857129351566	1.19
0.338001212896093	1.19
0.338921064253136	1.19
0.339242170639074	1.19
0.339665222472064	1.19
0.340153939414785	1.19
0.340320841601147	1.19
0.340337687273348	1.2
0.340459267807726	1.2
0.340624512859153	1.2
0.341033755113473	1.2
0.341177838658	1.2
0.342097690015043	1.2
0.342418796400981	1.2
0.342841848233971	1.2
0.343330565176692	1.2
0.343497467363054	1.2
0.343514313035255	1.21
0.343635893569632	1.21
0.34380113862106	1.21
0.34421038087538	1.21
0.344354464419907	1.21
0.34527431577695	1.21
0.345595422162887	1.21
0.346018473995878	1.21
0.346507190938598	1.21
0.346674093124961	1.21
0.346690938797162	1.22
0.346812519331539	1.22
0.346977764382967	1.22
0.347387006637287	1.22
0.347531090181813	1.22
0.348450941538857	1.22
0.348772047924794	1.22
0.349195099757785	1.22
0.349683816700505	1.22
0.349850718886868	1.22
0.349867564559069	1.23
0.349989145093446	1.23
0.350154390144874	1.23
0.350563632399194	1.23
0.35070771594372	1.23
0.351627567300764	1.23
0.351948673686701	1.23
0.352371725519692	1.23
0.352860442462412	1.23
0.353027344648775	1.23
0.353044190320976	1.24
0.353165770855353	1.24
0.353331015906781	1.24
0.353740258161101	1.24
0.353884341705627	1.24
0.354804193062671	1.24
0.355125299448608	1.24
0.355548351281599	1.24
0.356037068224319	1.24
0.356203970410682	1.24
0.356220816082882	1.25
0.35634239661726	1.25
0.356507641668688	1.25
0.356916883923008	1.25
0.357060967467534	1.25
0.357980818824578	1.25
0.358301925210515	1.25
0.358724977043506	1.25
0.359213693986226	1.25
0.359380596172589	1.25
0.359397441844789	1.26
0.359519022379167	1.26
0.359684267430595	1.26
0.360093509684914	1.26
0.360237593229441	1.26
0.361157444586485	1.26
0.361478550972422	1.26
0.361901602805413	1.26
0.362390319748133	1.26
0.362557221934496	1.26
0.362574067606696	1.27
0.362695648141074	1.27
0.362860893192502	1.27
0.363270135446821	1.27
0.363414218991348	1.27
0.364334070348392	1.27
0.364655176734329	1.27
0.36507822856732	1.27
0.36556694551004	1.27
0.365733847696403	1.27
0.365750693368603	1.28
0.365872273902981	1.28
0.366037518954409	1.28
0.366446761208728	1.28
0.366590844753255	1.28
0.367510696110299	1.28
0.367831802496236	1.28
0.368254854329227	1.28
0.368743571271947	1.28
0.36891047345831	1.28
0.36892731913051	1.29
0.369048899664888	1.29
0.369214144716316	1.29
0.369623386970635	1.29
0.369767470515162	1.29
0.370687321872206	1.29
0.371008428258143	1.29
0.371431480091134	1.29
0.371920197033854	1.29
0.372087099220217	1.29
0.372103944892417	1.3
0.372225525426795	1.3
0.372390770478223	1.3
0.372800012732542	1.3
0.372944096277069	1.3
0.373863947634113	1.3
0.37418505402005	1.3
0.374608105853041	1.3
0.375096822795761	1.3
0.375263724982124	1.3
0.375280570654324	1.31
0.375402151188702	1.31
0.37556739624013	1.31
0.375976638494449	1.31
0.376120722038976	1.31
0.377040573396019	1.31
0.377361679781957	1.31
0.377784731614948	1.31
0.378273448557668	1.31
0.378440350744031	1.31
0.378457196416231	1.32
0.378578776950609	1.32
0.378744022002037	1.32
0.379153264256356	1.32
0.379297347800883	1.32
0.380217199157926	1.32
0.380538305543864	1.32
0.380961357376855	1.32
0.381450074319575	1.32
0.381616976505938	1.32
0.381633822178138	1.33
0.381755402712516	1.33
0.381920647763944	1.33
0.382329890018263	1.33
0.38247397356279	1.33
0.383393824919833	1.33
0.383714931305771	1.33
0.384137983138762	1.33
0.384626700081482	1.33
0.384793602267845	1.33
0.384810447940045	1.34
0.384932028474423	1.34
0.385097273525851	1.34
0.38550651578017	1.34
0.385650599324697	1.34
0.38657045068174	1.34
0.386891557067678	1.34
0.387314608900669	1.34
0.387803325843389	1.34
0.387970228029751	1.34
0.387987073701952	1.35
0.38810865423633	1.35
0.388273899287758	1.35
0.388683141542077	1.35
0.388827225086604	1.35
0.389747076443647	1.35
0.390068182829585	1.35
0.390491234662576	1.35
0.390979951605296	1.35
0.391146853791658	1.35
0.391163699463859	1.36
0.391285279998237	1.36
0.391450525049664	1.36
0.391859767303984	1.36
0.392003850848511	1.36
0.392923702205554	1.36
0.393244808591492	1.36
0.393667860424483	1.36
0.394156577367203	1.36
0.394323479553565	1.36
0.394340325225766	1.37
0.394461905760144	1.37
0.394627150811572	1.37
0.395036393065891	1.37
0.395180476610418	1.37
0.396100327967461	1.37
0.396421434353399	1.37
0.39684448618639	1.37
0.39733320312911	1.37
0.397500105315472	1.37
0.397516950987673	1.38
0.397638531522051	1.38
0.397803776573478	1.38
0.398213018827798	1.38
0.398357102372325	1.38
0.399276953729368	1.38
0.399598060115306	1.38
0.400021111948296	1.38
0.400509828891017	1.38
0.400676731077379	1.38
0.40069357674958	1.39
0.400815157283958	1.39
0.400980402335385	1.39
0.401389644589705	1.39
0.401533728134232	1.39
0.402453579491275	1.39
0.402774685877213	1.39
0.403197737710204	1.39
0.403686454652924	1.39
0.403853356839286	1.39
0.403870202511487	1.4
0.403991783045865	1.4
0.404157028097292	1.4
0.404566270351612	1.4
0.404710353896139	1.4
0.405630205253182	1.4
0.40595131163912	1.4
0.40637436347211	1.4
0.406863080414831	1.4
0.407029982601193	1.4
0.407046828273394	1.41
0.407168408807772	1.41
0.407333653859199	1.41
0.407742896113519	1.41
0.407886979658046	1.41
0.408806831015089	1.41
0.409127937401027	1.41
0.409550989234017	1.41
0.410039706176738	1.41
0.4102066083631	1.41
0.410223454035301	1.42
0.410345034569679	1.42
0.410510279621106	1.42
0.410919521875426	1.42
0.411063605419953	1.42
0.411983456776996	1.42
0.412304563162933	1.42
0.412727614995924	1.42
0.413216331938644	1.42
0.413383234125007	1.42
0.413400079797208	1.43
0.413521660331586	1.43
0.413686905383013	1.43
0.414096147637333	1.43
0.41424023118186	1.43
0.415160082538903	1.43
0.41548118892484	1.43
0.415904240757831	1.43
0.416392957700551	1.43
0.416559859886914	1.43
0.416576705559115	1.44
0.416698286093492	1.44
0.41686353114492	1.44
0.41727277339924	1.44
0.417416856943767	1.44
0.41833670830081	1.44
0.418657814686747	1.44
0.419080866519738	1.44
0.419569583462458	1.44
0.419736485648821	1.44
0.419753331321022	1.45
0.419874911855399	1.45
0.420040156906827	1.45
0.420449399161147	1.45
0.420593482705674	1.45
0.421513334062717	1.45
0.421834440448654	1.45
0.422257492281645	1.45
0.422746209224365	1.45
0.422913111410728	1.45
0.422929957082929	1.46
0.423051537617306	1.46
0.423216782668734	1.46
0.423626024923054	1.46
0.42377010846758	1.46
0.424689959824624	1.46
0.425011066210561	1.46
0.425434118043552	1.46
0.425922834986272	1.46
0.426089737172635	1.46
0.426106582844835	1.47
0.426228163379213	1.47
0.426393408430641	1.47
0.426802650684961	1.47
0.426946734229487	1.47
0.427866585586531	1.47
0.428187691972468	1.47
0.428610743805459	1.47
0.429099460748179	1.47
0.429266362934542	1.47
0.429283208606742	1.48
0.42940478914112	1.48
0.429570034192548	1.48
0.429979276446867	1.48
0.430123359991394	1.48
0.431043211348438	1.48
0.431364317734375	1.48
0.431787369567366	1.48
0.432276086510086	1.48
0.432442988696449	1.48
0.432459834368649	1.49
0.432581414903027	1.49
0.432746659954455	1.49
0.433155902208774	1.49
0.433299985753301	1.49
0.434219837110345	1.49
0.434540943496282	1.49
0.434963995329273	1.49
0.435452712271993	1.49
0.435619614458356	1.49
0.435636460130556	1.5
0.435758040664934	1.5
0.435923285716362	1.5
0.436332527970681	1.5
0.436476611515208	1.5
0.437396462872252	1.5
0.437717569258189	1.5
0.43814062109118	1.5
0.4386293380339	1.5
0.438796240220263	1.5
