1.07556144043101
0.881026983356964
0.964755464883101
1.00619849942026
0.888734273557006
0.823480110740986
0.806933641153555
0.886529654877234
0.846398531320541
0.919721076529687
0.857337775180011
0.893816322451701
0.94139968785875
0.932275660891871
0.832247845890813
0.916251017517608
0.765164063651554
0.708540776334336
0.880088905137264
0.899327002130128
0.951971529781019
0.915625235832537
0.917066824252445
0.944112207147227
0.836830329497943
0.794028368047144
0.804721704841817
0.881991119621961
0.96282529347691
0.636938868360863
0.928270285790838
0.808387095346696
0.862072621898949
0.815353563070171
0.43632138887528
0.96354795156694
0.776581929883087
0.99279039231547
0.805106851576361
0.75220643700046
0.836135190784814
0.82358378046631
0.594830156939063
0.766574982449131
0.731122363372746
0.817806914545185
0.875020034267906
0.848315489734321
0.986659095361566
0.765441422599214
0.898591894008168
0.586389924193323
0.787486946629402
0.861878684506824
0.860949885909599
0.913386104339262
0.884357554535567
0.896819112665779
0.633446965724211
0.8110563716107
0.64188774467398
0.868257157397081
0.747914660186181
0.924854707922006
0.774376059208938
0.631387718932713
0.905288046239249
0.841151963836884
0.952594579971257
0.96794442888154
0.682623298438855
0.694107090887851
0.946556725315363
0.66126506916308
0.837353777696511
0.947101108941195
0.895666655810549
0.817723909691462
0.793250002592229
0.881357926735719
0.912766485349671
0.925764207190153
0.796957878089078
0.679170479364453
0.831204105635882
0.867628908391845
0.834432346566965
0.695728740856444
0.854091945904944
0.959291825617354
0.932842619520482
1.02173459435772
1.04982137989497
1.08933011882388
1.06923991019301
1.06933316433705
1.0101815478947
0.986809608334864
0.967178587459386
0.90387271901354
0.981421341839408
1.0163305874328
0.941677351398108
1.01838714573489
1.01793754368398
0.988050557981934
1.01870811761907
1.04879458379471
1.01781172122868
0.99236835395077
1.0091558164349
1.03980661668218
1.02108762737039
0.975060215447453
1.08517880378508
1.06056047608299
1.09906905072526
1.07937581414245
1.04478681410059
1.03855296384747
1.08036810703345
1.01782440325583
1.02895079216786
1.03534326596955
0.981248850480017
0.966400711246317
0.933559835442952
0.858549763892219
0.977441490737039
0.947838491587885
0.900869013475097
0.977754745517256
0.973707295499128
0.972402729203506
0.955455263734135
0.982085023506277
1.04579818231805
0.947467389978474
0.885841017652198
0.809879089631555
0.96494115436254
0.983934817731091
0.953721016960942
0.960001227438157
0.942622649886919
0.92718050406228
0.9280012859989
0.950121195995927
0.928434442001108
0.918858249927269
0.953332063644919
0.972576790150449
0.945730354273632
0.962744928099243
1.01937549167829
0.948198022824604
0.972448713147287
0.914543029170038
0.813776785206224
0.797089136137049
0.958850816170533
0.800147332126641
0.698949996061006
0.812260690782609
0.803510255530765
0.757003793702927
0.967911807582353
0.910326593369955
0.857947707542942
0.925203671003013
0.937753763570379
1.0172357965668
0.993586713900875
1.02505562878415
0.924471710442126
0.893400704890942
0.870049893406937
0.903373837251356
0.912501906127263
0.900263867368302
0.881769525323906
0.932247507768849
0.875733653089365
0.855832365076281
0.789810853778278
0.974093877947764
0.929675284634354
0.891508013496799
0.950553719483998
0.959771668821151
0.9951609093116
0.969787589736246
0.907517392820493
0.946091553259744
0.995390497218266
0.809124662922863
0.981612768717659
0.974196572560322
0.919416758380562
0.85993295545922
0.892071874718838
0.840483827120497
0.712679971975837
0.816092977308471
0.884055406595708
0.815299717939062
0.752468578926315
0.714765081526755
0.856951612357316
0.880566484898316
0.920672170566383
0.723565696002299
0.710461844111224
0.873675444202608
0.947880503333311
0.924840364205845
0.979989004130567
0.500653503159531
0.885487461661714
0.87358386168188
0.846760475457435
0.819222740580198
0.843450888651772
0.894346261689752
0.764522833958351
0.93437726483557
0.892904676005525
0.883687068679641
0.866679462711182
0.919233333237408
0.843652993573503
0.922822003951559
0.952088985787734
0.883393078025407
0.825148155373818
0.718202473068861
0.99505914844173
0.809645907542423
0.958727509166432
0.92234390814059
0.699992949313011
0.944589914922933
0.93328526146933
0.842772925162348
0.758122670389993
0.831686974652207
0.85748441598852
1.06999175259665
0.897203127411632
0.947431614446908
0.85664591936371
0.843748408044263
0.895731765778131
0.947147929835485
0.950272483367974
0.940697097759436
0.893515070419238
0.903749208455527
0.800096917404162
0.90618070463365
0.923682534465378
0.862596035687627
0.892814033323451
0.910815361249981
1.05000702866936
0.836916111475904
0.884861949738227
0.825538392053246
0.799683542768877
0.807100050346284
0.685554675143136
0.741811245339275
0.897668498674784
0.665788424865812
0.762031345400451
0.775119144365845
0.978264286546791
0.804701769980435
0.829638771082143
0.906154491242461
0.818901580463004
0.808625116568746
0.85452514854827
0.909350158411555
0.857156154314125
0.917055843582678
0.481574980135688
0.776357483977375
0.920609747673813
0.739310303760533
0.736095669576212
0.837773214705799
0.757081893861324
0.871681643141907
0.83003112655132
0.934077448162398
0.965638729156177
0.858138797553617
0.913755680954175
0.760047747554624
0.877561460474575
0.884438528420448
0.833096932654153
0.957590065858974
0.910658021248705
0.854909478285909
0.891438223288239
0.869346805014276
0.959318274602539
0.647136461957353
0.725224634385566
1.00906200556755
0.767941196447593
0.744558989950848
0.687110157679852
0.71677939617121
0.590676053687621
0.882246302115747
0.889166273668439
0.721210529104919
0.832211403653093
0.809449429713329
0.868314233169946
0.920250670063446
0.76326556032785
0.943093461639525
0.891027729345914
0.880181707595734
0.885185217204042
0.803728680680675
0.560132089482874
0.788567549498305
0.832444358940243
0.68486453865346
0.882325139166045
0.852534767218106
0.809005012749779
0.874072575012571
0.579156743489759
0.602878422399887
0.445916244302882
0.847373486309618
0.656035983256306
0.897191328714427
0.923958710390352
0.949118653566259
0.661000579718757
0.896623174306077
0.647037897244426
0.834900363880888
0.829114691905902
0.84535973912771
0.722255829720981
0.853139302662963
0.87500864262514
0.643056341955451
