0.0608987255413151
0.0565322641191564
0.0524028079513762
0.0485476615147967
0.0450041292862405
0.0418095157425299
0.0390011253604872
0.0363875524041241
0.0337624674155219
0.0311407892886076
0.0285374369173085
0.0259673291955514
0.0234453850172636
0.0209865232763721
0.0186056628668039
0.0163177226824862
0.0141376216173459
0.0120802785653103
0.0101606124203063
0.00839354207626106
0.00679398642710158
0.00537686436675498
0.00415709478914837
0.00314959658820874
0.00236928865786324
0.001749436377381
0.00121622178462012
0.000773938761390976
0.000426881189503997
0.000179342950769623
3.56179269981451e-05
0
7.67830515857096e-05
0.000270260963565537
0.000584727617749919
0.00102447689594929
0.001593802679974
0.00229699885163449
0.00313835929274121
0.00412217788510447
0.0052527485105347
0.00653436505084232
0.00806139984107459
0.00990836781047195
0.0120497767321346
0.0144601343791627
0.0171139485246564
0.0199857269417159
0.0230499774034414
0.026281207682933
0.0296539255532909
0.0331426387876153
0.0367218551590064
0.0403660824405643
0.0440498284053892
0.0477476008265813
0.0514339074772407
0.0550832561304677
0.0586701545593624
0.0621691105370249
0.0657764473939511
0.0696875225054855
0.0738753947120015
0.0783131228538724
0.0829737657714714
0.0878303823051719
0.0928560312953473
0.0980237715823708
0.103306662006616
0.108677761408455
0.114110128628263
0.119576822506412
0.125050901883276
0.130505425599228
0.135913452494642
0.14124804140989
0.146482251185345
0.151589140661383
0.156626152598919
0.161673553589283
0.166738638218461
0.171828701072438
0.176951036737203
0.182112939798741
0.187321704843039
0.192584626456084
0.197908999223863
0.203302117732362
0.208771276567568
0.214323770315467
0.219966893562047
0.225707940893293
0.231554206895193
0.237512986153733
0.2435915732549
0.249797262784681
0.256191616510023
0.262815871305346
0.26964683441784
0.276661313094698
0.283836114583112
0.291148046130274
0.298573914983376
0.306090528389609
0.313674693596166
0.321303217850239
0.328952908399019
0.336600572489699
0.344223017369471
0.351797050285525
0.359299478485056
0.366707109215253
0.37399674972331
0.381415947244255
0.389199208524787
0.397303780079604
0.405686908423401
0.414305840070875
0.423117821536724
0.432080099335643
0.441149919982331
0.450284529991483
0.459441175877796
0.468577104155967
0.477649561340693
0.486615793946671
0.495433048488597
0.504058571481168
0.51244960943908
0.520563408877032
0.528357216309719
0.53609259539449
0.544039553605109
0.552168003180891
0.56044785636115
0.568849025385203
0.577341422492363
0.585894959921947
0.59447954991327
0.603065104705647
0.611621536538392
0.620118757650823
0.628526680282253
0.636815216671998
0.644954279059373
0.652913779683693
0.660663630784274
0.668173744600431
0.675713971432028
0.683545146589361
0.691623659827396
0.699905900901099
0.708348259565437
0.716907125575375
0.725538888685879
0.734199938651914
0.742846665228448
0.751435458170445
0.759922707232871
0.768264802170694
0.776418132738877
0.784339088692388
0.791984059786192
0.799309435775255
0.806271606414544
0.812826961459023
0.819324046903762
0.826104807268104
0.833115730093428
0.84030330292111
0.847614013292529
0.854994348749063
0.862390796832089
0.869749845082986
0.87701798104313
0.8841416922539
0.891067466256673
0.897741790592828
0.904111152803742
0.910122040430793
0.915720941015358
0.920854342098817
0.925468731222545
0.929816348743748
0.934171607406245
0.938514253331335
0.94282403264032
0.947080691454499
0.951263975895172
0.955353632083639
0.959329406141202
0.963171044189159
0.966858292348811
0.970370896741459
0.973688603488402
0.97679115871094
0.979658308530374
0.982269799068004
0.98460537644513
0.986644786783052
0.98836777620307
0.989901175523478
0.991376435254066
0.99278023105338
0.994099238579966
0.995320133492371
0.996429591449141
0.997414288108821
0.998260899129958
0.998956100171099
0.999486566890788
0.999838974947573
1
0.999956317706614
0.999694603725963
0.999201533716591
0.998463783337046
0.997468028245873
0.996200944101618
0.99462792437466
0.992735861132362
0.990543677928749
0.988070298317848
0.985334645853684
0.982355644090283
0.979152216581671
0.975743286881873
0.972147778544915
0.968384615124823
0.964472720175622
0.960431017251339
0.956278429905999
0.952033881693628
0.947716296168251
0.943344596883894
0.938937707394583
0.934514551254344
0.929747321824754
0.924341346106269
0.918365248111237
0.911887651852005
0.90497718134092
0.897702460590329
0.89013211361258
0.88233476442002
0.874379037024995
0.866333555439853
0.858266943676941
0.850247825748607
0.842344825667197
0.834626567445058
0.827161675094537
0.820018772627983
0.81326648405774
0.806449593319684
0.799106725344225
0.791297265635518
0.783080599697717
0.774516113034977
0.765663191151452
0.756581219551298
0.747329583738669
0.737967669217719
0.728554861492603
0.719150546067476
0.709814108446492
0.700604934133806
0.691582408633572
0.682805917449946
0.674334846087082
0.666228580049134
0.658546504840257
0.650931784981949
0.643015098798038
0.634837102496179
0.626438452284023
0.617859804369224
0.609141814959433
0.600325140262304
0.591450436485489
0.58255835983664
0.573689566523412
0.564884712753455
0.556184454734424
0.54762944867397
0.539260350779746
0.531117817259405
0.5232425043206
0.515675068170983
0.508157834145428
0.500427185701273
0.492514866229867
0.484452619122561
0.476272187770705
0.468005315565647
0.459683745898739
0.451339222161329
0.443003487744768
0.434708286040405
0.42648536043959
0.418366454333673
0.410383311114004
0.402567674171932
0.394951286898807
0.387565892685979
0.380443234924797
0.373615057006613
0.367025821280747
0.360589822349537
0.354293551983855
0.348123501954574
0.342066164032567
0.336108029988705
0.330235591593862
0.32443534061891
0.318693768834721
0.312997368012167
0.307332629922122
0.301686046335458
0.296044109023047
0.290393309755762
0.284720140304475
0.279011092440058
0.273252657933385
0.267532659738195
0.261941156713355
0.256467994487432
0.25110301868899
0.245836074946593
0.240657008888808
0.235555666144197
0.230521892341328
0.225545533108763
0.220616434075069
0.21572444086881
0.210859399118551
0.206011154452857
0.201169552500293
0.196324438889424
0.191465659248814
0.186583059207028
0.181666484392632
0.17662263093307
0.171386631886619
0.165990988278098
0.160468201132324
0.154850771474113
0.149171200328284
0.143461988719654
0.13775563767304
0.13208464821326
0.12648152136513
0.120978758153468
0.115608859603091
0.110404326738817
0.105397660585463
0.100621362167847
0.0961079325107846
0.0918898726390947
0.0879996835775941
0.0842007114451497
0.0802549032532955
0.0761926613658494
0.0720443881466294
0.0678404859594534
