time	community	work	school	uni	house
1	137	38	10	1	205
2	250	60	18	4	397
3	380	91	24	8	598
4	544	137	32	10	802
5	702	187	46	19	1020
6	852	219	62	21	1232
7	1008	254	74	23	1406
8	1142	289	91	31	1577
9	1296	324	108	37	1744
10	1450	355	120	45	1905
11	1608	383	142	50	2056
12	1745	422	160	56	2187
13	1867	447	191	61	2305
14	1970	476	212	63	2438
15	2111	502	231	68	2576
16	2254	529	258	72	2701
17	2365	543	283	78	2829
18	2477	568	305	79	2958
19	2608	581	327	83	3085
20	2726	596	343	88	3189
21	2834	620	365	92	3326
22	2951	636	381	98	3418
23	3048	649	399	99	3540
24	3161	663	416	103	3645
25	3247	681	433	109	3787
26	3329	697	449	111	3895
27	3397	710	465	113	3986
28	3633	749	508	120	4197
29	3792	784	554	124	4396
30	3993	823	597	132	4573
31	4207	869	634	141	4768
32	4417	915	680	150	4966
33	4621	958	717	165	5176
34	4851	996	771	175	5378
35	5101	1036	828	185	5588
36	5341	1084	881	196	5821
37	5614	1142	954	207	6072
38	5895	1195	1028	220	6353
39	6195	1259	1091	226	6611
40	6515	1327	1164	239	6920
41	6878	1395	1229	250	7229
42	7225	1469	1296	262	7542
43	7628	1547	1384	277	7911
44	8004	1633	1468	297	8283
45	8428	1726	1547	313	8650
46	8965	1831	1639	324	9074
47	9368	1933	1764	349	9481
48	9839	2028	1891	360	9962
49	10424	2123	2000	377	10421
50	10993	2233	2127	394	10917
51	11604	2358	2278	413	11452
52	12229	2480	2399	440	12035
53	12850	2609	2533	457	12677
54	13517	2735	2696	490	13286
55	14259	2878	2882	524	13946
56	14999	3056	3058	562	14661
57	15800	3205	3250	589	15428
58	16708	3366	3431	620	16196
59	17586	3534	3640	648	16997
60	18447	3733	3871	691	17885
61	19339	3937	4086	743	18781
62	20371	4137	4323	781	19797
63	21524	4356	4600	826	20861
64	22622	4582	4883	876	21887
65	23807	4816	5175	931	22985
66	25009	5056	5494	988	24186
67	26419	5299	5792	1048	25433
68	27815	5572	6128	1110	26742
69	29304	5882	6465	1173	28128
70	30318	6078	6675	1221	29091
71	31402	6292	6908	1264	30138
72	32613	6541	7167	1308	31290
73	33821	6755	7424	1359	32455
74	35004	6967	7687	1418	33704
75	36198	7181	7938	1455	34914
76	37334	7430	8207	1507	36141
77	38497	7658	8470	1554	37349
78	39676	7901	8722	1594	38556
79	40904	8132	8962	1645	39724
80	42119	8384	9231	1678	40877
81	43248	8613	9475	1724	42136
82	44376	8827	9718	1760	43337
83	45526	9034	9966	1804	44479
84	46602	9269	10211	1857	45622
85	47708	9462	10435	1906	46769
86	48880	9679	10713	1951	47875
87	49937	9889	10948	2003	49017
88	51005	10119	11218	2052	50172
89	51993	10325	11445	2090	51330
90	53034	10548	11698	2143	52515
91	54049	10751	11920	2186	53696
92	55065	10964	12143	2228	54824
93	56081	11159	12377	2274	55966
94	56957	11367	12613	2311	57005
95	57969	11558	12830	2346	58065
96	58972	11774	13041	2392	59098
97	59956	11965	13282	2436	60135
98	60914	12141	13519	2477	61161
99	61758	12326	13770	2528	62131
100	62659	12509	13960	2571	63086
101	63528	12705	14143	2614	64090
102	64422	12876	14358	2644	65023
103	65314	13054	14544	2690	65987
104	66154	13199	14733	2723	66952
105	66951	13339	14939	2777	67875
106	67798	13497	15150	2806	68765
107	68559	13640	15358	2844	69657
108	69367	13803	15550	2893	70540
109	70089	13970	15732	2924	71400
110	70816	14129	15904	2962	72196
111	71567	14285	16063	2996	72957
112	72265	14450	16223	3028	73743
113	72954	14567	16386	3054	74493
114	73631	14701	16531	3077	75223
115	74232	14833	16671	3111	75940
116	74852	14946	16810	3137	76651
117	75467	15086	16972	3169	77356
118	76023	15188	17114	3200	78091
119	76572	15284	17255	3218	78765
120	77112	15389	17382	3242	79394
121	77625	15503	17518	3264	80024
122	78125	15606	17647	3285	80587
123	78576	15710	17775	3306	81157
124	79077	15826	17907	3342	81689
125	79476	15911	18023	3362	82214
126	79903	15992	18147	3385	82728
127	80324	16074	18259	3418	83203
128	80719	16148	18378	3443	83637
129	81104	16213	18482	3460	84081
130	81482	16285	18581	3478	84498
131	81791	16361	18677	3494	84898
132	82086	16413	18766	3515	85289
133	82425	16463	18836	3533	85682
134	82764	16511	18910	3551	86067
135	83029	16565	18976	3568	86407
136	83295	16620	19050	3588	86756
137	83549	16669	19118	3608	87067
138	83827	16710	19186	3619	87398
139	84025	16748	19242	3625	87693
140	84242	16785	19291	3636	87953
141	84446	16830	19333	3648	88201
142	84644	16875	19386	3656	88427
143	84840	16917	19446	3671	88669
144	85028	16947	19498	3680	88898
145	85162	16974	19538	3685	89120
146	85307	17015	19584	3691	89333
147	85472	17039	19633	3699	89513
148	85597	17061	19676	3704	89703
149	85698	17084	19701	3711	89892
150	85830	17104	19739	3719	90023
151	85924	17127	19784	3725	90162
152	86037	17141	19815	3727	90296
153	86170	17153	19845	3733	90402
154	86251	17169	19871	3735	90528
155	86321	17177	19891	3740	90641
156	86408	17188	19909	3744	90754
157	86499	17203	19935	3746	90829
158	86582	17216	19964	3752	90905
159	86645	17230	19989	3755	91001
160	86709	17244	20007	3756	91063
161	86765	17255	20023	3761	91145
162	86820	17265	20040	3764	91222
163	86872	17271	20056	3768	91286
164	86914	17275	20073	3770	91348
165	86951	17281	20092	3772	91414
166	86986	17286	20102	3775	91472
167	87030	17295	20119	3778	91530
168	87059	17299	20133	3781	91581
169	87083	17305	20144	3781	91628
170	87113	17309	20158	3784	91670
171	87126	17312	20163	3785	91715
172	87151	17314	20184	3786	91758
173	87181	17315	20190	3789	91793
174	87201	17320	20200	3792	91825
175	87214	17322	20210	3792	91849
176	87238	17324	20216	3795	91868
177	87250	17326	20222	3795	91893
178	87275	17328	20231	3795	91912
179	87293	17331	20233	3797	91929
180	87311	17333	20240	3797	91955
181	87316	17336	20245	3798	91970
182	87329	17338	20249	3800	91984
183	87342	17339	20254	3800	91999
184	87359	17341	20256	3800	92016
185	87372	17344	20257	3801	92024
186	87381	17345	20262	3801	92039
187	87392	17347	20264	3801	92049
188	87402	17348	20266	3801	92065
189	87408	17352	20272	3802	92082
190	87413	17352	20273	3803	92101
191	87422	17352	20276	3803	92109
192	87428	17352	20277	3803	92112
193	87430	17353	20279	3804	92120
194	87435	17355	20284	3804	92133
195	87440	17355	20285	3804	92142
196	87447	17356	20287	3804	92148
197	87454	17356	20288	3804	92154
198	87463	17358	20290	3804	92164
199	87467	17359	20291	3804	92172
200	87471	17359	20292	3804	92178
201	87479	17359	20294	3805	92185
202	87483	17360	20296	3806	92194
203	87490	17360	20297	3806	92205
204	87493	17363	20299	3806	92213
205	87496	17363	20301	3806	92219
206	87501	17363	20301	3806	92222
207	87501	17364	20302	3807	92230
208	87503	17365	20303	3807	92234
209	87503	17365	20307	3808	92238
210	87508	17365	20308	3808	92241
211	87509	17366	20308	3808	92244
212	87513	17366	20308	3808	92249
213	87520	17366	20308	3808	92259
214	87525	17366	20309	3808	92268
215	87527	17366	20310	3809	92279
216	87530	17367	20311	3809	92287
217	87535	17367	20314	3809	92292
218	87539	17368	20315	3809	92301
219	87539	17368	20315	3809	92310
220	87546	17369	20316	3810	92327
221	87553	17370	20317	3810	92339
222	87558	17371	20317	3810	92345
223	87560	17372	20318	3810	92349
224	87573	17374	20319	3810	92362
225	87578	17374	20319	3812	92375
226	87580	17376	20319	3812	92387
227	87586	17377	20321	3812	92396
228	87588	17379	20322	3812	92403
229	87592	17381	20323	3812	92413
230	87596	17381	20324	3813	92422
231	87603	17381	20325	3813	92425
232	87606	17387	20327	3813	92442
233	87614	17387	20332	3813	92455
234	87621	17391	20332	3813	92468
235	87622	17392	20334	3815	92476
236	87630	17395	20336	3815	92485
237	87637	17395	20339	3815	92493
238	87644	17396	20341	3815	92504
239	87653	17398	20343	3815	92519
240	87661	17399	20345	3815	92526
241	87668	17400	20346	3815	92532
242	87679	17400	20347	3815	92542
243	87686	17400	20348	3815	92545
