454.03
431.66
262.52
72.72
304.46
294.79
408.51
650.58
258.22
113.49
183.19
617.98
69.04
24.71
261.69
1067.78
1736.89
546.32
6.29
47.16
425.41
229.95
6.33
620.59
87.44
362.69
632.42
385.21
93.21
119.53
97.19
82.26
804.43
865.86
337.80
58.50
40.53
352.02
1502.15
59.08
175.68
381.63
336.76
1713.44
1366.05
271.91
641.38
547.24
94.6
521.83
1395.28
3432.17
1264.25
195.26
1046.44
164.79
538.90
64.40
187.61
465.22
1929.10
2004.15
2684.31
191.94
183.18
1589.42
4459.98
265.19
16.52
711.29
873.83
664.68
1222.32
2216.17
1201.37
1637.35
1009.08
527.49
252.78
10.13
18.64
178.38
424.55
479.15
566.56
246.69
319.51
721.92
656.12
118.79
2020.45
642.30
63.57
405.61
292.55
317.68
793.09
1555.08
90.12
319.27
412.90
791.93
101.21
434.71
118.77
256.96
133.97
133.97
102.68
85.70
61.46
192.26
100.71
961.66
71.68
232.58
70.55
456.61
186.22
83.19
252.47
637.35
456.49
340.99
284.96
192.69
704.41
809.67
532.49
753.54
1174.92
1854.62
842.28
374.51
517.18
456.69
301.67
561.91
449.29
2502.29
225.72
291.84
1036.45
350.94
478.17
672.25
1280.09
369.44
724.28
508.14
516.74
640.39
837.17
1040.94
705.28
1229.29
3014.37
1339.92
2165.78
3179.52
2196.54
1122.59
1880.51
942.15
1276.88
1040.40
1364.39
2259.50
2075.52
1968.55
1330.00
1141.48
904.93
742.18
1247.53
639.90
1191.16
562.57
249.52
756.65
728.36
955.31
1109.04
459.15
906.52
463.25
963.11
1505.45
70.96
432.36
110.03
422.26
812.88
164.45
779.20
983.89
99.96
213.96
304.37
305.46
1062.78
429.69
518.51
2045.14
791.60
715.09
708.46
905.18
1280.14
984.48
3105.84
192.98
303.58
270.21
276.88
934.32
262.55
543.53
322.14
355.65
215.05
644.54
190.43
637.36
1130.61
261.63
587.08
1311.66
1265.31
1467.13
384.47
887.52
642.80
461.33
963.22
1554.83
464.70
870.00
735.28
246.14
246.56
143.69
142.43
255.11
1090.74
3236.63
1491.46
722.00
1805.81
616.50
269.07
517.41
117.18
314.51
101.12
715.37
411.99
255.12
679.00
57.56
9.28
556.07
597.21
228.25
258.91
1003.04
833.33
1257.89
1467.69
1342.48
976.58
2706.22
326.17
416.59
2208.13
832.85
752.78
1030.51
1377.21
342.21
2122.06
2132.63
241.31
387.18
2274.11
947.97
1956.46
1209.50
1860.51
694.40
224.21
168.44
1234.84
1329.21
1273.42
938.28
76.32
645.80
1547.78
2342.66
2961.70
1584.76
1417.16
1136.17
754.68
729.79
458.71
110.02
365.67
1095.98
1024.58
755.89
457.07
1329.42
1906.26
1346.16
631.95
2521.28
445.17
3849.47
600.61
1257.84
2692.57
512.58
319.26
241.06
312.74
301.64
2703.88
457.88
3326.21
361.17
288.54
1953.81
1496.91
1091.59
812.56
1542.83
991.18
473.70
3437.46
2109.48
9707.33
688.87
555.56
1135.82
925.70
4872.58
5452.95
3459.41
1416.34
1121.78
4051.35
1434.72
1434.72
3971.58